Vneseniot broj : 968
Sortirani zgolemenite ascii vrednosti na stringot za vrednost 9
41
41
41
41
41
41
41
41
41
41
41
41
41
41
41
41
41
41
48
63
65
66
75
76
78
82
82
84
87
88
96
106
106
106
106
106
106
106
106
107
107
107
108
108
108
109
109
109
109
110
110
110
110
110
110
110
110
110
110
110
110
110
110
111
111
112
112
113
113
114
114
115
116
116
116
117
118
118
118
119
119
119
119
120
120
120
120
120
120
123
123
123
123
123
123
123
124
125
125
125
125
126
126
127
127
128
128
128
